image: map.pgm
resolution: 0.010000
origin: [-17.480000, -17.480000, 0.000000]
negate: 0
occupied_thresh: 0.65
free_thresh: 0.196

